47.7998 
47.7998 386.814 466.319 478.82 486.52 495.521 
47.7998 136.499 354.112 361.513 371.013 399.715 477.32 490.121 497.321 
47.7998 
47.7998 181.702 
47.7998 136.099 318.31 442.118 495.521 
47.7998 249.606 
47.7998 
47.7998 136.299 304.009 345.312 353.712 364.313 386.514 
47.7998 241.306 295.709 
47.7998 
47.7998 135.999 230.205 270.707 284.108 295.409 303.209 323.811 402.615 445.118 453.818 461.219 
47.7998 135.199 348.512 462.219 469.919 
47.7998 135.799 180.802 334.411 387.714 
47.7998 136.799 182.502 190.702 199.503 211.304 347.412 455.219 463.919 472.62 
47.7998 363.013 
47.7998 
47.7998 136.499 183.702 191.602 249.306 257.106 266.407 284.908 292.409 358.013 365.713 451.918 462.819 481.62 
47.7998 
47.7998 135.899 182.302 190.102 402.115 
47.7998 236.105 245.906 253.206 260.307 267.307 378.914 493.821 
47.7998 
47.7998 
47.7998 273.707 281.408 288.908 298.709 369.613 384.914 392.215 
47.7998 
47.7998 326.811 430.117 438.118 446.718 453.618 460.719 
47.7998 190.602 223.604 234.005 378.414 384.814 396.415 403.815 481.82 
47.7998 
47.7998 136.199 
47.7998 136.199 285.908 294.309 302.209 311.71 320.81 328.011 
47.7998 324.511 375.214 389.515 
47.7998 136.399 180.902 189.002 196.203 203.103 209.804 216.904 259.607 267.507 392.615 400.515 
47.7998 309.51 
47.7998 136.299 225.505 343.412 352.712 360.513 380.114 387.814 397.315 
47.7998 332.811 340.012 347.512 356.813 
47.7998 395.715 
47.7998 135.999 142.099 149.2 167.801 181.602 188.502 196.003 204.403 211.204 219.504 236.205 245.506 257.607 269.907 381.614 393.015 496.521 
47.7998 136.199 364.313 379.914 388.514 398.415 
47.7998 136.299 416.616 
47.7998 379.114 386.514 405.516 419.116 
47.7998 136.099 181.702 342.412 356.913 405.616 413.016 
47.7998 
47.7998 136.099 181.102 198.903 252.206 356.413 372.714 380.014 386.414 
47.7998 
47.7998 199.103 287.808 352.612 360.413 368.013 375.214 382.814 
47.7998 214.004 221.904 237.305 247.406 259.307 273.807 342.112 350.712 
47.7998 136.199 183.202 240.705 301.309 429.317 437.417 479.42 486.82 495.921 
47.7998 136.299 186.402 
47.7998 381.514 397.015 462.019 473.72 481.32 496.821 
47.7998 320.61 411.916 434.717 442.518 451.418 459.519 493.321 
47.7998 136.199 180.302 187.102 194.803 261.007 268.607 282.608 453.418 462.319 469.219 476.02 482.72 489.021 495.421 
47.7998 134.799 142.7 261.107 281.008 292.209 318.71 379.514 391.815 400.115 407.816 415.216 422.017 430.317 439.718 447.518 454.919 463.719 471.92 480.62 487.821 499.421 
47.7998 
47.7998 345.012 423.617 433.217 462.019 471.42 479.02 
47.7998 
47.7998 
47.7998 388.815 
47.7998 
47.7998 136.199 250.706 262.307 272.507 283.108 291.109 324.111 334.811 342.912 363.513 372.514 428.517 438.518 463.419 472.72 480.12 488.021 495.721 
47.7998 180.802 430.017 438.018 445.118 452.218 459.719 
47.7998 227.205 234.905 245.406 
47.7998 181.802 199.203 441.818 451.018 470.319 
47.7998 253.106 259.907 
47.7998 355.812 
47.7998 442.618 493.521 
47.7998 136.099 
47.7998 136.499 146 180.102 415.316 422.017 429.717 441.618 
47.7998 
47.7998 241.606 316.71 325.411 337.311 418.316 428.117 439.018 446.818 454.319 461.519 480.42 489.021 496.621 
47.7998 
47.7998 196.103 347.812 
47.7998 
47.7998 325.711 355.212 362.913 
47.7998 183.602 412.716 432.717 
47.7998 
47.7998 337.911 344.512 352.812 488.621 
47.7998 480.72 
47.7998 136.299 182.102 237.005 314.91 322.31 337.911 345.812 354.112 496.221 
47.7998 265.307 272.707 279.708 
47.7998 181.302 251.306 259.507 266.907 274.208 386.514 393.315 400.215 412.416 
47.7998 182.202 
47.7998 220.104 242.106 295.809 387.114 396.115 413.916 420.916 428.017 435.017 461.719 471.72 480.32 
47.7998 255.506 354.912 369.013 
47.7998 136.099 181.102 203.603 211.204 218.304 239.205 249.506 258.907 266.907 282.408 292.609 381.414 388.615 405.016 414.816 424.217 433.717 499.021 
47.7998 183.102 340.512 356.513 
47.7998 136.199 
47.7998 
47.7998 135.999 234.405 
47.7998 182.502 210.004 240.906 250.906 258.507 265.707 273.207 459.019 467.319 475.92 
47.7998 199.803 212.104 305.009 314.61 368.213 387.414 472.92 480.02 
47.7998 
47.7998 313.91 324.711 336.611 
47.7998 339.311 
47.7998 
47.7998 137.399 181.002 203.503 212.204 238.905 251.306 274.408 299.209 312.71 320.41 338.711 377.414 397.115 428.617 437.217 445.618 456.219 463.419 470.62 477.52 
47.7998 364.613 373.914 383.914 451.018 460.819 
47.7998 135.499 141.899 181.302 202.403 226.105 233.105 341.512 349.312 360.513 378.814 463.319 
47.7998 191.803 199.303 208.003 260.407 270.107 353.012 362.013 
47.7998 
47.7998 364.313 454.118 473.22 
47.7998 229.905 240.405 256.206 382.814 401.915 409.516 416.216 423.017 430.117 440.218 452.518 462.319 469.319 477.62 487.621 494.621 
47.7998 365.913 388.214 395.415 
47.7998 181.002 227.605 236.305 244.706 401.215 418.416 474.42 484.12 
47.7998 136.899 179.602 251.106 
47.7998 
47.7998 136.599 403.315 418.116 432.217 440.918 450.718 464.219 472.82 479.32 485.82 492.121 498.821 
47.7998 136.499 437.617 446.718 496.421 
47.7998 215.804 228.905 255.206 321.91 333.111 340.412 348.212 356.513 368.013 379.014 386.014 393.215 420.316 428.417 435.617 442.618 453.318 
47.7998 329.511 467.819 
47.7998 136.799 387.214 395.515 404.415 412.416 442.018 452.118 465.519 497.521 
47.7998 
47.7998 481.82 
47.7998 
47.7998 340.512 348.912 357.113 395.915 404.715 413.816 427.117 438.318 449.818 474.12 481.52 495.221 
47.7998 364.413 
47.7998 
47.7998 182.002 
47.7998 135.699 230.405 273.307 339.311 412.016 493.321 
47.7998 135.799 229.005 
47.7998 136.099 178.902 411.516 419.416 426.917 436.517 444.618 452.918 466.219 
47.7998 181.602 419.116 
47.7998 
47.7998 135.899 143 180.502 190.502 217.204 230.105 238.105 
47.7998 183.502 191.903 282.608 289.708 313.31 321.31 331.611 378.214 385.714 400.815 412.916 428.717 470.019 478.32 488.221 
47.7998 136.499 210.504 
47.7998 236.205 243.506 250.606 258.007 266.407 274.208 281.908 289.308 296.309 305.609 315.11 461.619 
47.7998 
47.7998 
47.7998 239.005 286.908 296.509 309.91 319.71 346.512 354.312 361.613 
47.7998 136.199 144.8 181.502 190.002 244.506 256.906 264.807 274.308 282.108 290.208 301.309 397.415 405.816 419.016 435.017 451.818 461.619 469.919 478.72 488.221 498.721 
47.7998 314.61 322.61 330.311 337.311 483.32 490.221 496.621 
47.7998 
47.7998 341.912 350.812 
47.7998 
47.7998 423.917 435.217 444.918 453.218 461.119 474.32 486.02 
47.7998 136.399 433.617 
47.7998 315.81 
47.7998 344.012 420.316 427.217 434.917 
47.7998 
47.7998 185.202 195.303 319.21 325.811 332.511 339.311 403.315 415.816 430.717 438.118 445.718 453.218 459.619 465.919 472.52 479.12 485.82 
47.7998 225.105 289.208 303.209 319.81 332.111 457.119 
47.7998 137.099 182.702 318.31 
47.7998 
47.7998 244.106 251.706 259.107 272.407 282.208 400.415 408.716 419.216 426.317 432.817 440.318 469.019 476.52 483.22 489.821 499.021 
47.7998 
47.7998 203.603 220.504 229.105 236.705 243.706 251.606 263.007 331.011 419.516 464.519 
47.7998 253.306 328.011 
47.7998 
47.7998 136.399 180.602 232.505 240.505 248.406 
47.7998 136.399 
47.7998 136.299 
47.7998 
47.7998 183.002 191.502 199.503 206.703 222.504 234.405 242.506 250.706 257.907 266.107 274.808 340.112 463.819 
47.7998 136.199 143.1 180.002 186.402 196.603 204.703 220.104 267.907 276.308 284.208 291.609 299.009 306.309 314.31 322.91 386.514 394.115 401.015 412.416 420.216 427.817 435.117 441.918 449.518 457.519 464.319 471.42 496.621 
47.7998 
47.7998 136.299 180.602 237.605 
47.7998 181.502 363.013 
47.7998 197.703 
47.7998 137.399 182.502 234.705 247.906 424.517 434.117 468.719 476.82 484.52 498.721 
47.7998 183.002 246.606 254.706 261.807 274.108 316.71 324.511 335.711 378.614 442.318 
47.7998 136.099 
47.7998 
47.7998 325.611 
47.7998 180.602 315.91 324.311 335.811 343.812 386.214 
47.7998 136.099 180.302 239.105 251.406 275.508 
47.7998 303.309 
47.7998 137.199 199.603 207.503 
47.7998 300.509 322.11 451.218 458.019 472.82 480.32 487.921 495.921 
47.7998 
47.7998 258.607 319.61 327.811 
47.7998 206.203 
47.7998 209.604 221.204 387.714 
47.7998 495.921 
47.7998 
47.7998 136.099 231.705 389.915 405.316 
47.7998 214.204 251.506 269.207 278.008 288.008 312.31 365.613 375.514 
47.7998 136.599 
47.7998 
47.7998 
47.7998 136.299 144.4 176.702 207.503 217.704 230.405 237.605 246.906 272.107 358.113 365.513 469.619 477.42 
47.7998 283.008 290.309 387.714 398.515 
47.7998 
47.7998 183.302 
47.7998 136.099 180.802 407.916 418.916 
47.7998 203.503 304.309 316.01 323.811 332.611 390.615 399.715 425.517 441.318 449.918 461.819 481.92 490.521 497.621 
47.7998 183.802 193.403 224.805 386.014 395.315 
47.7998 136.199 199.303 288.308 295.809 302.509 309.91 318.11 325.111 332.011 417.716 425.617 432.117 438.618 446.318 453.218 459.919 467.219 475.22 
47.7998 136.399 181.002 394.815 405.316 412.516 420.516 440.218 478.72 486.52 494.221 
47.7998 
47.7998 
47.7998 410.316 
47.7998 182.002 268.207 286.708 
47.7998 269.507 310.61 319.11 326.111 336.311 408.616 417.716 424.417 431.117 437.818 444.618 459.419 466.519 474.12 
47.7998 
47.7998 209.004 237.005 275.208 282.608 293.509 357.913 
47.7998 
47.7998 137.399 181.102 190.902 208.504 243.006 252.006 260.207 284.508 320.81 328.711 336.211 349.712 472.12 479.42 
47.7998 328.411 441.618 451.018 
47.7998 181.702 338.111 346.512 355.212 363.813 
47.7998 
47.7998 135.599 180.802 233.305 240.405 247.906 345.712 354.912 418.316 427.317 
47.7998 
47.7998 388.915 397.515 483.42 489.921 496.721 
47.7998 136.199 183.302 222.504 233.505 241.006 247.106 253.706 261.607 271.107 457.019 
47.7998 251.706 
47.7998 181.202 222.804 230.005 245.206 253.906 265.807 284.508 291.609 298.909 390.715 399.315 
47.7998 181.302 212.204 220.204 230.305 244.606 252.106 260.507 276.308 285.108 
47.7998 
47.7998 371.213 380.114 387.614 395.415 402.715 
47.7998 137.199 182.002 192.203 199.603 355.312 
47.7998 180.302 
47.7998 136.499 181.602 294.009 362.513 381.814 391.315 
47.7998 221.304 230.905 259.107 286.908 296.109 369.213 
47.7998 
47.7998 135.999 183.702 209.104 243.306 362.513 369.413 377.714 386.814 398.115 437.818 451.718 
47.7998 218.104 226.705 333.311 
47.7998 136.299 144 287.208 294.709 302.309 312.11 356.313 371.013 
47.7998 181.302 199.403 218.904 243.806 422.017 
47.7998 135.499 212.304 220.504 278.508 285.908 416.016 424.317 432.317 439.718 447.018 455.319 463.219 470.82 478.22 485.52 493.021 499.621 
47.7998 181.702 195.503 
47.7998 
47.7998 359.613 367.813 395.315 475.72 482.82 490.521 
47.7998 
47.7998 
47.7998 331.011 378.814 387.214 498.821 
47.7998 
47.7998 136.099 181.502 341.112 348.612 355.812 363.713 371.413 378.614 386.114 393.015 403.215 
47.7998 
47.7998 182.802 417.316 441.718 450.818 459.619 479.02 488.121 495.421 
47.7998 294.909 304.709 314.21 323.211 331.111 340.912 463.819 
47.7998 
47.7998 459.119 
47.7998 135.899 404.415 420.816 430.117 444.518 453.318 
47.7998 136.099 286.708 294.709 348.512 498.821 
47.7998 320.61 445.418 
47.7998 135.999 181.302 199.903 220.404 229.905 431.017 439.118 447.918 456.519 469.419 487.721 
47.7998 136.999 378.814 396.215 404.215 416.316 430.117 
47.7998 
47.7998 188.602 196.903 294.309 301.909 310.61 335.611 343.212 351.312 363.213 457.019 464.219 471.72 480.62 
47.7998 203.103 211.904 
47.7998 280.308 337.611 345.212 353.712 
47.7998 184.602 233.205 369.813 378.814 441.818 
47.7998 136.299 284.208 
47.7998 
47.7998 210.304 220.504 264.107 
47.7998 220.004 356.713 367.413 
47.7998 136.299 182.602 288.808 297.009 304.809 
47.7998 364.513 
47.7998 
47.7998 182.302 247.406 256.706 296.609 303.609 311.41 372.814 437.517 444.518 451.518 485.62 493.921 
47.7998 
47.7998 203.703 424.217 436.317 444.218 460.619 
47.7998 
47.7998 
47.7998 135.699 181.502 217.104 223.904 231.405 238.305 244.906 251.606 259.807 280.408 287.508 295.009 423.117 438.418 486.02 494.021 
47.7998 205.003 235.005 335.711 382.614 391.715 471.12 485.12 
47.7998 
47.7998 
47.7998 181.802 190.302 199.203 208.104 225.605 234.605 293.709 302.509 322.01 330.211 339.211 450.418 
47.7998 326.211 334.611 342.212 356.213 387.414 395.215 408.116 418.316 
47.7998 181.202 376.414 
47.7998 
47.7998 
47.7998 395.515 426.917 497.621 
47.7998 489.321 
47.7998 
47.7998 322.61 346.712 368.213 
47.7998 
47.7998 136.599 362.713 370.813 467.619 475.32 
47.7998 463.619 
47.7998 136.199 144.9 177.002 
47.7998 181.202 190.702 199.103 216.304 279.908 293.209 305.309 323.411 331.711 344.812 428.317 
47.7998 351.612 360.113 433.117 458.619 
47.7998 136.599 148.3 180.602 350.312 
47.7998 135.799 183.102 192.303 202.503 215.004 234.905 242.906 249.506 256.606 263.407 271.207 278.708 285.508 292.309 373.814 383.914 391.015 413.516 
47.7998 136.199 143.3 164.801 180.802 188.302 237.605 254.506 276.408 283.808 300.809 319.21 332.611 417.116 
47.7998 
47.7998 136.499 181.802 234.405 
47.7998 183.602 198.303 210.804 247.906 257.306 269.407 276.608 285.408 334.911 343.012 387.714 408.116 418.316 425.817 433.117 446.118 457.519 473.72 
47.7998 136.099 
47.7998 408.316 
47.7998 137.199 225.505 370.113 
47.7998 
47.7998 182.502 192.303 204.303 252.606 263.807 276.208 289.808 356.713 429.317 440.818 465.019 
47.7998 181.002 217.104 224.805 298.209 331.311 338.911 
47.7998 136.099 202.603 236.705 248.906 258.507 275.708 380.314 400.315 411.716 
47.7998 282.408 292.509 306.309 434.317 
47.7998 136.299 180.902 193.103 205.803 334.211 
47.7998 136.999 180.502 371.113 378.314 384.914 405.416 456.119 465.119 472.52 480.32 487.821 
47.7998 136.099 143.7 176.202 200.403 208.003 215.604 223.104 230.805 238.505 249.606 258.407 266.607 274.008 287.308 295.709 303.309 312.31 320.41 327.711 335.311 371.613 381.114 389.715 406.416 426.317 470.419 487.921 498.421 
47.7998 358.513 
47.7998 235.105 247.206 
47.7998 322.91 329.911 336.311 458.919 470.419 
47.7998 324.511 335.111 342.712 356.613 480.42 
47.7998 136.099 210.604 218.904 244.306 288.608 298.109 437.617 445.018 456.819 
47.7998 
47.7998 
47.7998 198.803 261.907 271.207 337.411 
47.7998 
47.7998 136.099 181.802 190.402 199.503 479.32 
47.7998 
47.7998 135.999 215.304 223.404 231.205 272.407 280.408 287.208 294.809 301.709 401.815 486.02 494.321 
47.7998 
47.7998 241.606 
47.7998 356.913 364.813 
47.7998 
47.7998 429.917 
47.7998 333.211 
47.7998 
47.7998 486.52 
47.7998 136.099 219.104 226.605 233.905 242.706 249.306 256.106 262.907 271.207 278.308 284.908 292.709 300.309 314.21 
47.7998 136.099 299.309 320.11 499.521 
47.7998 284.408 
47.7998 
47.7998 233.105 241.606 269.707 278.108 286.108 293.809 314.01 322.61 
47.7998 136.699 322.71 
47.7998 183.602 205.803 
47.7998 496.221 
47.7998 272.907 281.508 289.108 340.112 
47.7998 135.999 
47.7998 
47.7998 261.907 303.209 314.31 321.71 333.611 340.712 348.712 
47.7998 388.214 422.717 436.517 444.618 452.218 463.319 
47.7998 
47.7998 218.304 367.213 
47.7998 136.199 144.2 179.602 400.315 
47.7998 327.911 349.512 
47.7998 136.399 183.102 221.104 345.212 
47.7998 
47.7998 136.599 180.402 244.706 251.806 273.908 301.609 
47.7998 429.917 
47.7998 136.799 468.819 
47.7998 202.403 259.807 267.907 278.908 
47.7998 299.209 388.414 429.717 436.817 
47.7998 204.003 
47.7998 135.999 
47.7998 137.299 180.802 189.302 197.503 261.307 401.415 438.418 445.618 453.118 459.919 466.819 
47.7998 
47.7998 136.299 143.9 179.502 187.402 195.903 207.803 227.105 235.405 242.906 249.906 257.406 272.607 280.008 299.809 399.315 412.316 420.116 428.317 440.818 466.519 474.02 485.42 493.121 
47.7998 
47.7998 
47.7998 305.109 319.21 
47.7998 
47.7998 136.299 185.402 212.104 225.005 245.606 252.406 259.107 273.908 282.008 289.508 297.309 322.71 342.412 366.513 461.619 478.12 486.32 495.321 
47.7998 329.111 337.111 345.312 
47.7998 333.211 341.412 354.012 
47.7998 
47.7998 284.908 471.22 478.72 486.42 
47.7998 136.499 182.002 223.104 230.605 237.505 
47.7998 
47.7998 343.012 357.913 365.513 373.214 380.014 387.714 
47.7998 
47.7998 
47.7998 
47.7998 135.999 
47.7998 
47.7998 
47.7998 
47.7998 
47.7998 183.302 192.003 223.804 232.505 437.617 446.518 454.819 
47.7998 182.402 418.016 426.617 438.618 453.418 462.419 472.02 481.82 
47.7998 181.702 208.804 217.304 225.305 235.305 242.906 251.306 323.211 341.612 364.813 
47.7998 300.209 313.41 418.016 
47.7998 
47.7998 
47.7998 
47.7998 136.499 236.905 244.206 252.206 258.707 267.507 274.808 281.408 289.808 300.709 311.71 320.31 327.611 335.211 342.212 355.712 363.113 370.513 403.815 414.516 421.417 431.217 440.118 448.718 460.419 468.619 
47.7998 217.904 260.407 268.207 
47.7998 206.903 328.711 336.711 
47.7998 
47.7998 181.802 189.002 196.003 202.903 442.018 450.018 469.919 
47.7998 266.207 
47.7998 
47.7998 136.499 145.4 178.802 202.303 210.404 218.904 320.31 361.113 385.414 394.215 402.015 411.816 418.716 467.619 
47.7998 
47.7998 324.911 388.214 452.518 465.919 
47.7998 136.599 180.902 188.102 195.703 203.403 213.204 221.104 229.305 236.805 249.406 310.71 335.611 367.313 390.215 400.215 439.418 457.519 496.421 
47.7998 135.799 180.802 217.804 257.006 327.811 339.612 405.016 460.119 467.419 474.22 481.42 488.221 496.921 
47.7998 440.718 
47.7998 327.011 
47.7998 299.809 403.615 413.616 421.617 
47.7998 
47.7998 293.009 304.609 
47.7998 136.599 207.903 218.504 243.506 260.907 269.707 277.608 285.508 293.509 301.709 319.21 336.011 342.912 350.212 357.213 365.713 376.214 386.414 464.319 472.42 480.52 488.521 496.221 
47.7998 272.907 419.016 
47.7998 136.199 181.802 
47.7998 
47.7998 
47.7998 136.299 143.9 159.701 181.402 219.404 380.514 
47.7998 136.099 181.602 249.006 258.907 344.812 353.712 
47.7998 
47.7998 136.199 192.303 200.903 212.104 225.505 234.405 248.006 255.106 261.507 269.407 277.308 284.008 291.409 298.309 405.916 414.716 421.717 428.417 434.917 441.518 448.418 463.819 489.121 
47.7998 
47.7998 367.313 488.021 
47.7998 185.302 203.203 281.808 288.708 299.309 348.612 364.313 382.614 389.215 403.215 412.416 463.219 486.52 494.021 
47.7998 136.599 302.509 326.711 399.415 416.116 
47.7998 309.11 319.51 
47.7998 136.299 203.003 245.306 252.706 
47.7998 136.799 498.421 
47.7998 
47.7998 207.403 384.014 
47.7998 135.999 208.304 295.609 
47.7998 
47.7998 219.004 230.605 301.609 368.713 379.714 449.618 459.119 492.421 
47.7998 259.907 456.119 467.019 
47.7998 285.508 292.909 304.409 
47.7998 
47.7998 180.202 254.906 285.708 296.909 324.911 332.711 343.112 359.513 
47.7998 136.299 289.908 494.821 
47.7998 382.314 
47.7998 215.504 
47.7998 
47.7998 135.999 181.002 383.314 395.415 411.216 419.716 432.217 440.518 448.818 456.919 464.219 
47.7998 423.817 432.317 442.718 452.618 460.819 
47.7998 
47.7998 
47.7998 182.602 202.903 
47.7998 226.905 
47.7998 135.999 464.919 
47.7998 338.411 
47.7998 321.11 484.92 492.521 
47.7998 197.603 257.406 272.707 281.608 289.908 300.909 421.617 440.218 454.118 
47.7998 136.799 183.402 191.702 401.515 409.516 
47.7998 
47.7998 424.117 496.321 
47.7998 199.503 340.612 348.512 397.615 406.316 414.916 422.417 430.417 
47.7998 136.299 348.112 384.814 391.815 434.017 470.219 479.42 488.721 498.521 
47.7998 137.399 236.305 244.606 338.711 449.918 
47.7998 189.002 198.603 205.303 216.004 412.016 465.819 480.82 
47.7998 273.207 280.408 287.808 
47.7998 
47.7998 135.999 179.702 191.402 288.208 295.309 304.309 314.31 322.21 333.711 341.312 358.013 365.613 373.314 380.414 387.514 395.115 403.515 411.416 418.116 429.717 439.218 478.52 485.22 492.421 499.721 
47.7998 135.499 374.114 
47.7998 408.316 475.62 486.22 
47.7998 
47.7998 
47.7998 137.699 181.002 291.609 300.209 312.41 320.91 342.612 352.412 
47.7998 
47.7998 221.704 
47.7998 217.704 449.818 
47.7998 135.699 180.802 199.003 458.119 
47.7998 136.299 180.302 189.102 196.603 387.414 406.416 414.716 421.517 428.317 434.717 441.218 449.018 
47.7998 353.712 
47.7998 
47.7998 
47.7998 
47.7998 136.499 376.614 384.014 413.816 421.817 
47.7998 135.799 358.813 497.021 
47.7998 199.403 248.006 255.506 264.607 272.707 379.914 388.214 460.419 
47.7998 202.103 431.717 457.019 483.52 490.521 497.021 
47.7998 344.512 381.514 
47.7998 136.199 199.503 305.709 317.71 
47.7998 209.304 219.504 228.305 237.005 245.206 268.807 296.309 305.409 314.51 322.71 406.516 
47.7998 259.007 
47.7998 
47.7998 267.807 285.108 356.113 364.613 381.714 416.616 487.221 495.021 
47.7998 280.008 438.518 446.818 455.019 
47.7998 
47.7998 482.02 490.421 
47.7998 279.208 405.916 413.616 420.616 428.717 436.417 466.819 477.52 485.72 497.021 
47.7998 218.904 234.905 242.006 248.906 255.506 263.007 
47.7998 136.299 
47.7998 202.403 356.913 436.517 445.218 453.418 
47.7998 182.902 258.607 409.216 460.519 468.419 476.42 488.821 496.421 
47.7998 135.899 
47.7998 382.714 390.415 398.915 407.516 415.916 427.217 
47.7998 
47.7998 222.104 362.013 388.314 
47.7998 136.999 234.405 284.608 325.311 402.215 414.216 496.021 
47.7998 
47.7998 135.399 
47.7998 
47.7998 136.499 144.7 176.602 182.902 199.503 207.403 216.604 223.304 230.705 241.906 357.213 
47.7998 
47.7998 
47.7998 224.004 286.708 296.209 
47.7998 
47.7998 136.299 201.103 223.104 231.005 238.505 248.206 258.207 265.507 274.708 354.012 363.313 394.015 471.72 479.02 485.72 492.621 499.321 
47.7998 251.106 269.107 278.108 284.708 292.709 302.809 
47.7998 181.402 224.004 316.11 485.32 
47.7998 340.212 368.113 376.514 
47.7998 481.02 
47.7998 230.305 459.319 469.919 478.62 
47.7998 135.699 305.909 469.219 
47.7998 136.099 
47.7998 136.099 
47.7998 181.802 310.71 368.113 378.014 386.414 
47.7998 
47.7998 429.417 452.218 
47.7998 230.505 265.707 274.708 283.108 
47.7998 285.908 298.709 311.31 320.21 373.214 391.115 
47.7998 135.999 229.005 238.805 246.106 255.206 264.907 272.407 285.208 293.209 315.11 485.72 494.021 
47.7998 409.816 417.716 
47.7998 198.303 206.003 411.116 418.816 425.617 434.717 441.918 
47.7998 195.103 346.412 
47.7998 364.513 
47.7998 136.199 181.602 245.506 257.507 332.611 339.512 389.615 398.015 405.616 412.716 425.617 434.117 
47.7998 368.113 378.014 386.114 
47.7998 181.402 425.517 438.118 452.218 463.419 473.02 480.52 492.521 
47.7998 
47.7998 182.102 190.802 301.209 311.61 320.71 329.311 337.011 346.312 355.913 363.613 377.914 389.115 402.515 458.419 465.419 473.42 480.82 487.921 494.821 
47.7998 269.207 284.008 329.311 338.611 346.312 
47.7998 283.608 456.619 465.819 
47.7998 135.999 180.502 210.004 217.804 229.005 288.008 375.614 383.214 391.615 400.615 408.616 416.416 499.921 
47.7998 136.399 277.508 
47.7998 
47.7998 
47.7998 
47.7998 414.716 454.719 465.619 
47.7998 181.602 231.805 240.005 248.006 255.206 373.614 402.615 
47.7998 
47.7998 199.403 277.508 288.008 
47.7998 
47.7998 136.999 
47.7998 417.216 426.117 
47.7998 
47.7998 137.699 180.702 193.003 200.303 207.103 214.304 223.504 342.812 351.612 387.814 395.615 414.116 433.017 444.518 
47.7998 357.113 
47.7998 195.803 206.203 242.306 249.406 256.106 264.107 272.107 280.108 317.81 403.315 411.316 431.417 440.218 458.919 465.819 472.42 480.22 487.921 
47.7998 183.602 227.505 235.205 245.606 254.106 324.611 331.811 340.612 350.712 
47.7998 498.021 
47.7998 481.12 488.421 497.121 
47.7998 388.615 402.215 
47.7998 
47.7998 135.999 181.902 192.503 220.004 341.512 352.512 360.513 389.615 397.915 410.116 454.018 
47.7998 278.308 438.818 446.018 452.718 461.219 
47.7998 137.199 182.202 190.202 197.603 234.505 
47.7998 213.504 259.707 452.518 460.619 
47.7998 136.599 
47.7998 136.599 144 172.201 181.502 191.302 224.505 250.306 258.707 266.407 274.508 285.908 319.81 419.416 428.117 442.118 
47.7998 136.199 143.7 180.502 188.602 196.303 203.703 211.004 219.204 228.205 237.105 248.206 265.207 273.407 280.908 295.909 304.109 335.711 344.212 351.412 359.613 381.414 396.115 439.118 448.618 459.419 468.119 477.62 
47.7998 
47.7998 136.199 245.706 
47.7998 235.605 244.106 282.408 289.908 300.709 
47.7998 135.799 
47.7998 356.613 368.713 
47.7998 252.206 259.807 269.107 277.208 284.208 292.009 301.909 311.41 319.41 
47.7998 183.002 191.903 200.403 207.603 219.004 228.505 269.007 277.508 323.01 386.614 443.218 453.018 461.519 
47.7998 
47.7998 348.112 
47.7998 
47.7998 220.204 247.106 254.406 261.107 268.107 274.708 281.308 287.508 294.109 300.409 306.81 313.41 321.91 
47.7998 260.707 
47.7998 
47.7998 253.606 260.307 268.207 
47.7998 136.199 144.8 156.3 179.402 190.602 356.813 365.213 
47.7998 220.804 235.705 244.906 252.506 259.507 267.307 279.208 288.808 382.414 391.515 428.917 436.417 443.718 467.819 
47.7998 
47.7998 136.299 206.503 221.004 268.507 290.208 359.413 377.914 390.615 413.116 420.016 427.917 438.518 459.219 466.719 473.92 480.82 488.821 
47.7998 184.002 193.303 
47.7998 136.099 145 180.702 207.803 217.504 225.505 234.505 246.306 263.407 289.308 297.709 305.409 389.815 397.815 405.416 412.616 419.316 431.917 447.318 456.419 463.619 
47.7998 137.199 183.502 236.905 430.117 461.819 468.819 475.92 483.62 
47.7998 136.199 247.606 257.807 
47.7998 
47.7998 136.099 180.202 194.903 202.403 209.804 218.604 226.205 232.905 242.406 250.006 258.507 267.607 275.908 282.908 289.508 415.116 459.919 466.519 473.12 479.82 
47.7998 
47.7998 
47.7998 136.799 221.504 229.605 236.905 246.106 364.413 374.714 
47.7998 
47.7998 
47.7998 358.513 
47.7998 136.599 
47.7998 179.502 416.916 
47.7998 234.805 
47.7998 
47.7998 
47.7998 327.411 335.111 354.512 363.313 410.216 419.816 428.017 
47.7998 
47.7998 184.502 380.314 
47.7998 352.712 366.013 
47.7998 186.402 
47.7998 136.299 143.2 159.701 192.703 200.203 236.905 245.106 254.606 262.007 272.307 281.108 288.308 295.209 301.709 311.31 321.31 329.911 337.211 344.112 353.312 360.913 367.813 375.414 382.314 389.115 401.215 499.221 
47.7998 283.108 366.113 
47.7998 239.805 319.01 424.517 431.217 438.118 444.718 451.318 458.019 464.519 472.32 
47.7998 
47.7998 136.099 181.402 220.204 
47.7998 324.011 331.811 340.112 348.012 355.512 370.213 377.814 479.72 
47.7998 257.507 264.507 417.816 428.117 
47.7998 237.605 246.606 254.906 333.911 352.112 409.116 425.717 433.917 442.218 492.221 
47.7998 136.099 144.3 180.102 191.502 198.903 205.603 212.304 219.004 226.405 234.205 241.206 248.006 254.806 261.607 270.907 279.108 286.308 338.611 349.512 357.913 367.313 378.314 385.014 391.515 398.515 405.116 411.516 418.016 424.317 430.517 437.517 444.018 451.818 459.319 467.119 474.32 
47.7998 205.703 272.107 279.008 285.708 293.309 300.809 308.81 317.41 351.112 359.613 451.318 458.419 465.319 473.52 481.62 494.221 
47.7998 136.399 
47.7998 
47.7998 136.399 143.8 156.8 179.602 199.403 207.603 228.705 237.405 244.006 252.206 423.117 
47.7998 229.505 
47.7998 
47.7998 484.22 
47.7998 
47.7998 202.303 217.904 246.706 253.906 260.607 267.907 275.008 282.008 291.209 302.609 312.41 325.711 334.811 344.212 354.012 361.813 369.913 377.514 414.916 448.418 459.319 480.22 489.321 497.521 
47.7998 
47.7998 288.208 304.909 323.911 
47.7998 136.299 
47.7998 192.803 462.719 
47.7998 263.007 271.607 279.408 291.509 311.11 334.011 355.412 387.514 472.42 479.02 485.62 493.021 
47.7998 
47.7998 246.306 
47.7998 181.802 243.306 250.906 272.907 328.611 336.411 
47.7998 
47.7998 365.013 
47.7998 308.01 323.811 
47.7998 
47.7998 281.308 288.208 295.209 332.211 347.712 477.52 484.42 491.521 
47.7998 200.103 207.803 336.811 363.513 
47.7998 396.715 408.316 434.117 484.32 492.521 
47.7998 
47.7998 136.199 143.9 181.302 228.905 341.512 396.515 424.517 432.617 440.918 
47.7998 444.218 451.318 458.019 465.719 476.82 
47.7998 
47.7998 136.099 
47.7998 
47.7998 341.712 349.512 362.313 372.113 381.414 
47.7998 136.199 234.805 417.516 
47.7998 183.202 191.702 199.403 372.514 380.314 388.615 477.92 489.321 498.121 
47.7998 196.103 323.811 484.22 492.221 
47.7998 136.199 181.302 188.402 195.603 202.503 261.407 270.807 281.808 290.809 299.609 306.81 314.11 321.11 328.411 335.911 347.312 356.913 378.014 388.014 403.515 410.916 418.216 425.817 434.217 441.518 458.619 470.52 478.12 485.12 492.221 498.821 
47.7998 345.212 498.721 
47.7998 
47.7998 432.717 440.218 
47.7998 
47.7998 196.603 203.703 427.817 
47.7998 
47.7998 196.803 219.404 243.606 251.706 260.807 268.107 325.111 334.911 343.012 350.912 415.716 
47.7998 135.499 340.812 353.112 362.413 384.914 394.915 403.315 414.616 423.217 430.117 
47.7998 135.799 359.613 445.618 484.32 492.121 
47.7998 197.003 209.404 285.208 348.012 358.713 
47.7998 334.111 
47.7998 136.199 
47.7998 136.399 181.102 188.902 197.203 217.104 225.805 358.913 435.217 
47.7998 135.499 232.005 
47.7998 181.502 203.503 218.204 
47.7998 136.699 223.904 379.014 394.915 
47.7998 
47.7998 
47.7998 181.002 257.807 
47.7998 250.006 484.72 
47.7998 
47.7998 
47.7998 
47.7998 182.402 200.203 207.303 215.004 293.709 
47.7998 364.313 
47.7998 
47.7998 280.108 286.908 294.009 303.009 312.71 320.51 
47.7998 275.308 297.209 305.209 466.119 
47.7998 247.706 259.807 267.307 274.108 280.908 
47.7998 199.403 206.503 214.904 
47.7998 135.999 143.1 212.004 250.906 258.507 266.407 479.22 491.021 498.621 
47.7998 
47.7998 223.104 359.313 
47.7998 
47.7998 355.512 384.314 408.716 416.416 
47.7998 185.002 194.603 467.819 
47.7998 136.299 192.703 239.005 246.806 256.106 306.309 369.313 430.217 438.418 447.018 
47.7998 
47.7998 259.207 451.418 
47.7998 181.802 
47.7998 135.599 181.702 385.714 
47.7998 201.503 323.411 331.211 339.011 376.914 
47.7998 289.908 301.309 313.21 
47.7998 136.499 181.802 325.211 368.013 
47.7998 180.502 332.311 341.712 360.813 378.314 385.214 392.015 400.515 
47.7998 275.608 283.308 291.909 324.511 
47.7998 137.099 232.805 248.606 258.207 268.807 300.609 327.811 
47.7998 136.499 
47.7998 
47.7998 299.709 306.81 320.81 488.021 496.221 
47.7998 
47.7998 193.303 422.417 
47.7998 
47.7998 136.099 
47.7998 481.52 492.321 499.921 
47.7998 325.311 359.713 417.016 430.517 479.32 488.121 
47.7998 265.707 434.917 442.618 457.519 469.319 480.62 
47.7998 
47.7998 136.399 143.3 161.901 181.702 217.704 224.605 232.105 241.606 249.906 256.606 263.807 330.911 338.711 347.612 355.212 362.113 368.613 376.414 383.614 390.915 401.315 412.016 419.416 426.917 433.317 440.318 447.618 457.219 465.519 
47.7998 217.704 225.805 
47.7998 231.705 286.408 386.714 395.115 402.815 410.316 452.518 460.419 467.219 474.12 481.42 489.221 
47.7998 136.099 226.105 234.305 245.706 297.709 305.309 313.21 320.91 328.511 362.813 415.616 423.017 429.717 439.818 448.518 462.019 
47.7998 339.011 345.712 352.712 381.514 388.114 462.419 
47.7998 136.099 142.9 157.3 182.202 191.102 199.203 206.103 214.304 221.504 228.305 235.005 244.906 253.006 261.707 331.711 339.111 350.412 358.213 378.114 398.715 406.816 413.816 420.516 430.617 439.418 446.818 454.118 462.119 469.619 480.52 
47.7998 
47.7998 254.006 320.91 374.414 381.114 387.714 474.12 
47.7998 135.699 
47.7998 182.602 206.603 430.517 437.918 452.218 460.119 468.719 
47.7998 136.399 196.103 
47.7998 
47.7998 135.999 287.808 337.511 
47.7998 182.002 190.102 197.803 
47.7998 
47.7998 
47.7998 369.413 378.914 395.815 441.618 452.118 
47.7998 136.199 219.104 235.005 380.114 387.214 394.415 402.015 
47.7998 136.099 143.7 176.002 210.404 221.904 230.305 238.905 246.606 257.607 272.507 303.809 348.712 356.413 378.714 386.314 394.315 402.115 409.716 
47.7998 181.502 188.702 260.207 270.107 300.809 317.91 330.211 391.515 433.117 499.921 
47.7998 182.302 
47.7998 136.299 417.016 426.617 448.118 457.519 464.919 472.52 499.221 
47.7998 316.21 
47.7998 
47.7998 
47.7998 375.814 401.615 410.116 
47.7998 136.899 231.305 367.913 377.914 384.914 391.915 407.016 468.819 478.12 
47.7998 
47.7998 324.211 362.913 389.015 397.915 
47.7998 286.908 296.009 358.713 
47.7998 181.702 191.202 255.406 264.307 281.208 295.309 314.21 381.814 425.317 432.417 440.018 
47.7998 276.108 284.608 293.109 
47.7998 136.199 
47.7998 136.999 182.102 196.103 203.203 209.904 251.106 259.207 267.107 275.008 283.208 290.609 298.109 325.911 360.813 370.313 378.714 386.714 395.115 404.115 418.116 425.817 434.517 444.218 452.418 459.119 467.019 474.22 
47.7998 339.612 367.413 381.214 
47.7998 288.008 299.809 339.512 
47.7998 292.609 
47.7998 136.299 145 179.502 207.703 217.704 231.005 240.205 247.706 254.506 365.113 374.214 399.215 407.316 414.816 421.917 461.019 468.219 474.82 481.32 487.721 494.821 
47.7998 181.102 390.015 398.915 412.016 421.817 429.217 478.22 
47.7998 
47.7998 136.299 293.809 366.113 379.114 471.02 483.82 
47.7998 
47.7998 388.915 418.116 
47.7998 
47.7998 209.504 240.505 248.806 258.807 268.107 431.717 
47.7998 219.004 245.306 442.218 
47.7998 208.204 266.307 464.719 473.72 481.22 490.621 
47.7998 243.106 323.611 331.311 338.711 
47.7998 
47.7998 301.509 313.51 321.21 328.211 336.611 
47.7998 135.999 180.702 207.903 251.106 258.007 318.31 329.311 419.416 427.617 452.218 460.119 469.519 480.32 
47.7998 244.006 260.407 267.807 441.018 449.918 486.921 498.521 
47.7998 198.503 286.408 356.413 493.121 499.921 
47.7998 
47.7998 136.299 
47.7998 381.314 
47.7998 213.104 289.608 370.213 380.814 389.515 397.215 492.021 
47.7998 182.702 270.607 299.509 307.31 318.51 329.111 478.02 485.02 492.121 
47.7998 
47.7998 137.099 180.802 229.805 237.905 356.213 366.613 
47.7998 
47.7998 
47.7998 181.102 233.305 358.813 432.417 439.918 447.918 460.219 
47.7998 439.018 
47.7998 181.002 187.902 194.803 236.005 291.009 303.609 311.81 321.11 328.411 336.011 371.913 
47.7998 268.207 340.712 
47.7998 136.699 201.903 208.804 215.804 343.012 
47.7998 
47.7998 375.514 396.515 417.016 
47.7998 257.406 
47.7998 
47.7998 328.311 337.311 472.92 480.32 
47.7998 136.799 180.802 438.718 
47.7998 
47.7998 136.499 272.407 284.208 464.719 473.52 
47.7998 
47.7998 136.799 
47.7998 477.22 
47.7998 
47.7998 136.299 244.306 320.51 377.914 400.515 408.116 415.316 424.217 
47.7998 135.999 144.7 178.502 205.003 217.204 246.906 257.206 283.808 363.113 413.816 421.917 435.917 472.12 478.92 486.921 494.821 
47.7998 
47.7998 136.599 238.305 245.706 263.107 331.011 339.311 361.913 369.613 377.614 390.215 399.615 455.119 462.019 468.519 475.82 483.92 
47.7998 135.999 
47.7998 260.807 
47.7998 136.599 181.702 207.703 222.004 254.606 261.407 269.007 276.608 369.313 413.616 421.016 429.317 438.118 447.018 456.219 464.319 476.92 486.22 494.421 
47.7998 135.999 232.205 239.905 247.006 273.407 285.808 365.313 436.117 445.818 453.518 465.219 472.02 
47.7998 480.22 487.721 498.421 
47.7998 184.002 360.713 
47.7998 292.209 
47.7998 345.012 356.913 367.313 
47.7998 203.903 213.504 
47.7998 182.802 432.317 443.418 
47.7998 181.102 206.003 424.917 433.817 
47.7998 
47.7998 319.91 327.311 338.611 
47.7998 
47.7998 136.399 179.902 469.319 
47.7998 183.702 192.903 202.403 237.305 246.406 255.006 386.314 459.019 466.519 473.12 480.82 490.621 
47.7998 136.299 296.509 304.709 314.21 322.41 336.311 416.716 428.417 438.418 447.918 481.72 
47.7998 135.999 207.903 218.804 227.205 234.405 244.006 
47.7998 
47.7998 
47.7998 
47.7998 136.199 208.104 218.804 225.805 233.205 240.405 247.406 262.007 395.515 405.716 413.116 420.316 428.117 436.917 444.318 468.419 
47.7998 136.299 230.505 348.112 456.719 463.619 
47.7998 206.503 215.804 256.306 265.207 274.908 284.108 291.309 298.409 305.909 313.91 323.311 354.912 363.413 388.014 396.115 406.116 414.716 422.517 430.117 438.418 447.518 456.219 464.019 471.42 479.92 490.021 497.621 
47.7998 179.402 219.904 321.21 328.411 335.111 341.612 349.312 477.12 489.221 496.421 
47.7998 329.411 337.811 345.112 
47.7998 199.503 206.703 214.204 221.204 228.505 256.706 263.707 270.807 277.608 284.408 388.114 397.815 407.716 496.821 
47.7998 
47.7998 
47.7998 
47.7998 
47.7998 135.899 223.004 231.505 400.115 
47.7998 336.011 437.317 445.318 452.918 460.319 468.019 475.12 484.22 493.921 
47.7998 136.799 236.205 313.51 364.213 
47.7998 136.599 180.802 241.706 
47.7998 
47.7998 137.199 341.912 350.612 361.213 370.513 471.92 479.42 
47.7998 137.399 178.902 186.702 194.803 202.503 278.608 442.418 458.519 
47.7998 136.399 233.705 258.707 280.408 288.108 295.309 302.009 311.21 321.31 428.717 436.117 446.018 
47.7998 388.915 397.715 413.016 422.317 433.117 442.818 
47.7998 
47.7998 135.999 336.611 343.612 421.717 
47.7998 
47.7998 136.099 181.602 
47.7998 136.099 234.805 243.706 252.106 260.707 268.507 
47.7998 136.799 251.306 275.308 283.808 291.409 298.309 305.909 315.41 323.711 358.113 414.816 
47.7998 136.299 181.802 189.202 244.806 252.806 299.209 415.816 424.617 433.317 441.118 449.518 457.119 464.119 470.92 479.02 
47.7998 317.81 324.611 330.911 337.811 345.612 411.816 420.116 428.217 435.117 443.618 453.318 461.719 470.419 482.72 
47.7998 300.109 
47.7998 
47.7998 184.302 192.903 348.012 358.613 383.014 433.517 440.918 487.021 494.221 
47.7998 136.599 145.7 180.302 186.802 216.204 223.104 252.906 265.107 273.007 280.408 287.008 293.609 301.209 309.31 469.319 482.42 
47.7998 
47.7998 135.999 182.002 191.202 199.303 241.206 249.306 264.507 275.508 359.713 367.413 379.614 387.314 405.616 414.016 442.318 489.421 498.221 
47.7998 206.903 216.604 454.419 463.819 472.12 
47.7998 251.506 260.307 279.908 287.508 298.709 407.616 418.616 427.817 481.92 490.021 
47.7998 332.811 340.312 437.517 
47.7998 
47.7998 
47.7998 136.599 180.102 208.304 215.704 223.204 240.005 247.706 254.506 261.607 269.607 278.408 285.508 293.809 314.61 322.21 329.111 336.311 377.714 385.814 
47.7998 
47.7998 136.299 199.503 389.415 
47.7998 260.907 371.313 380.214 401.815 412.116 419.716 428.717 435.517 442.018 452.318 462.119 
47.7998 135.599 142.099 150.1 178.902 201.203 208.404 224.104 259.907 276.608 284.808 293.109 300.909 310.41 320.01 398.015 406.416 414.916 424.617 433.317 468.319 478.92 487.821 496.221 
47.7998 137.099 
47.7998 387.214 426.517 438.218 450.418 464.019 485.32 
47.7998 
47.7998 
47.7998 357.013 
47.7998 381.414 
47.7998 369.713 462.219 471.42 
47.7998 269.607 278.108 285.108 293.009 301.209 318.51 327.611 418.416 425.517 451.118 461.519 
47.7998 286.008 292.809 299.509 310.81 322.31 366.113 378.214 388.514 422.117 
47.7998 136.099 224.104 231.405 
47.7998 182.402 
47.7998 135.999 202.403 210.804 333.611 341.212 362.613 376.514 384.314 394.115 411.216 
47.7998 135.799 213.704 286.208 293.409 303.309 370.113 394.515 
47.7998 
47.7998 380.114 395.415 
47.7998 349.512 
47.7998 435.017 
47.7998 180.602 
47.7998 181.302 
47.7998 201.603 208.704 215.504 222.504 338.911 355.913 372.714 465.019 478.12 485.42 495.721 
47.7998 192.903 205.103 310.21 318.81 326.411 334.811 
47.7998 136.499 449.818 461.319 
47.7998 136.499 249.406 258.907 266.507 335.911 426.417 
47.7998 
47.7998 257.106 271.607 281.008 288.508 296.709 319.81 340.512 478.72 497.921 
47.7998 136.499 257.406 268.807 277.808 285.308 341.012 348.912 385.714 402.215 411.516 419.216 439.218 446.718 454.018 461.419 471.92 479.62 499.621 
47.7998 252.706 384.114 409.516 417.116 478.62 486.02 493.621 
47.7998 200.203 215.904 263.507 
47.7998 311.41 
47.7998 
47.7998 
47.7998 210.204 219.704 
47.7998 215.604 249.506 373.014 
47.7998 136.099 251.506 260.507 275.508 291.209 300.809 429.917 470.219 
47.7998 199.803 383.714 
47.7998 
47.7998 220.304 257.607 462.119 
47.7998 136.299 182.602 384.014 
47.7998 292.909 300.609 308.61 
47.7998 136.499 181.602 232.505 240.205 250.006 257.507 266.607 277.308 285.408 293.209 304.209 382.314 492.821 
47.7998 334.111 
47.7998 291.009 298.809 322.01 
47.7998 
47.7998 136.599 181.402 282.108 292.309 302.609 311.01 322.31 384.314 391.915 490.621 497.221 
47.7998 136.099 183.402 193.803 264.707 312.41 321.11 328.411 336.711 345.112 387.514 
47.7998 251.506 273.007 280.308 286.708 294.609 303.509 317.11 323.811 331.411 340.812 349.912 357.313 366.113 374.814 385.614 396.215 404.215 414.816 421.917 430.717 438.218 444.918 452.818 460.019 468.219 477.12 484.32 497.121 
47.7998 
47.7998 135.999 202.103 
47.7998 136.299 181.002 231.805 
47.7998 136.599 264.407 300.509 469.819 477.32 484.22 491.121 498.621 
47.7998 329.711 
47.7998 389.915 
47.7998 
47.7998 217.904 
47.7998 135.799 146 180.002 186.702 195.103 202.903 231.205 238.605 245.906 253.106 260.307 267.007 273.507 280.108 286.508 293.509 300.709 308.31 320.81 429.317 436.517 443.318 451.018 457.819 464.219 472.22 480.32 489.021 
47.7998 193.703 212.204 236.205 244.106 252.106 
47.7998 239.505 248.606 274.608 438.518 
47.7998 134.999 225.905 237.905 353.812 363.213 370.813 378.914 409.016 418.516 
47.7998 
47.7998 330.911 340.112 350.412 365.913 374.814 383.314 433.817 464.319 472.42 
47.7998 223.004 
47.7998 181.102 340.912 376.214 
47.7998 
47.7998 385.614 
47.7998 223.904 292.809 419.116 
47.7998 
47.7998 408.316 
47.7998 209.904 218.504 250.406 263.007 286.908 294.809 451.618 460.319 468.519 477.52 485.22 492.421 499.321 
47.7998 136.699 207.503 340.312 
47.7998 135.999 184.402 203.203 216.004 260.607 284.208 354.512 363.013 389.015 412.616 497.521 
47.7998 254.006 261.107 270.507 277.808 299.009 
47.7998 181.202 190.702 254.906 
47.7998 368.813 
47.7998 462.419 469.619 
47.7998 
47.7998 199.203 218.104 225.905 233.505 420.416 
47.7998 136.299 
47.7998 250.506 258.707 285.608 293.609 301.309 353.412 379.414 386.714 394.115 442.918 451.118 458.519 465.519 472.92 479.92 486.921 494.021 
47.7998 136.199 
47.7998 223.804 369.113 382.014 435.017 444.718 
47.7998 219.004 249.606 257.507 264.707 275.308 282.608 323.611 335.311 342.612 351.012 363.013 370.813 479.02 485.92 493.221 
47.7998 
47.7998 302.709 
47.7998 
47.7998 365.013 373.814 466.319 476.52 
47.7998 185.202 224.605 235.805 424.317 
47.7998 136.399 180.502 226.905 272.207 296.809 304.409 314.01 321.21 328.911 336.211 343.012 354.712 402.515 450.118 
47.7998 246.406 
47.7998 
47.7998 135.899 145.6 177.102 183.502 201.603 218.804 226.905 235.405 243.206 251.506 258.607 265.807 273.707 280.708 287.708 294.809 303.209 311.81 319.01 328.511 335.311 342.212 349.612 357.513 364.613 372.214 379.814 387.014 394.815 409.416 418.316 425.917 434.817 443.218 451.818 460.219 
47.7998 
47.7998 181.602 267.907 476.42 
47.7998 389.115 398.415 406.216 
47.7998 136.199 179.302 190.902 199.403 384.714 
47.7998 200.103 
47.7998 193.003 200.303 206.803 217.704 376.114 455.219 462.619 473.72 482.62 489.221 
47.7998 318.61 326.311 333.911 340.812 349.112 358.313 
47.7998 135.899 180.502 248.006 324.711 333.411 343.112 368.213 413.216 421.517 461.419 472.82 484.02 491.021 498.021 
47.7998 181.902 191.803 207.503 256.306 368.113 386.614 
47.7998 302.209 312.21 387.014 
47.7998 
47.7998 210.304 219.304 
47.7998 331.711 
47.7998 
47.7998 136.699 178.602 212.004 222.204 295.609 303.509 312.31 321.81 385.914 395.715 412.216 
47.7998 200.703 257.907 267.507 284.908 295.709 
47.7998 
47.7998 181.702 212.404 219.804 263.107 270.907 278.908 286.208 
47.7998 136.199 204.903 217.504 229.605 237.105 252.706 262.107 464.519 
47.7998 270.207 280.108 
47.7998 136.299 302.009 310.41 320.21 400.015 
47.7998 136.199 205.803 294.009 300.809 308.31 316.71 325.911 333.111 340.412 347.512 355.812 364.113 376.114 441.918 454.319 462.219 
47.7998 136.299 144.3 208.404 217.904 236.605 245.906 254.506 262.807 270.307 277.808 284.808 291.809 300.809 313.61 322.21 401.715 463.519 471.02 478.82 486.32 494.221 
47.7998 136.599 182.402 496.021 
47.7998 196.103 204.303 
47.7998 136.399 179.602 333.511 341.712 358.513 367.013 384.014 460.719 485.32 
47.7998 136.099 181.102 247.106 253.906 343.612 367.213 385.214 396.915 405.116 412.916 420.416 485.62 493.321 
47.7998 
47.7998 136.699 201.303 218.604 259.107 339.011 346.112 353.312 360.713 410.316 479.32 486.72 496.321 
47.7998 136.699 
47.7998 
47.7998 314.81 322.31 330.011 338.711 
47.7998 135.999 
47.7998 
47.7998 135.799 182.702 191.402 222.704 230.905 241.106 286.508 294.309 319.11 401.015 410.116 417.816 425.017 431.517 437.918 444.418 
47.7998 335.811 343.812 
47.7998 
47.7998 136.999 180.702 206.903 218.704 227.005 234.605 241.906 250.206 257.907 415.516 423.417 431.117 497.921 
47.7998 137.199 180.802 224.104 285.208 292.609 301.009 312.21 410.616 418.316 426.517 433.617 440.118 449.218 497.521 
47.7998 135.899 195.703 205.803 237.905 258.607 279.008 285.808 386.214 403.815 411.816 419.516 427.417 435.017 443.018 451.618 462.719 
47.7998 
47.7998 135.099 142.299 183.402 209.504 218.804 226.705 393.215 417.316 425.117 434.717 443.818 498.921 
47.7998 
47.7998 136.299 143.2 178.402 192.403 206.503 223.004 392.815 400.415 409.616 416.916 423.517 430.417 437.617 444.818 452.918 461.819 469.319 476.92 483.92 
47.7998 136.799 324.711 364.813 383.214 430.617 446.518 454.919 462.519 470.419 478.72 489.321 
47.7998 
47.7998 
47.7998 226.005 233.305 242.606 366.513 374.114 
47.7998 136.099 180.802 188.502 197.803 233.405 246.906 254.106 261.107 278.208 285.708 309.71 324.411 332.211 341.012 353.512 377.414 
47.7998 183.902 191.302 198.903 276.308 
47.7998 
47.7998 135.999 446.918 485.42 493.521 
47.7998 136.299 182.602 202.403 209.704 222.304 231.205 259.307 273.507 281.608 289.208 299.609 389.215 418.116 427.317 440.118 
47.7998 135.999 184.502 221.504 231.505 238.605 248.606 271.607 279.908 294.609 314.01 388.615 396.415 404.315 411.416 421.016 441.718 494.921 
47.7998 
47.7998 136.399 176.902 183.402 192.803 279.708 294.509 339.111 347.112 443.018 453.218 
47.7998 251.906 
47.7998 135.899 183.402 204.203 211.504 231.805 242.906 259.407 270.307 284.108 295.309 305.409 329.911 386.114 
47.7998 
47.7998 341.012 351.912 359.513 382.314 
47.7998 136.199 351.612 424.517 438.118 
47.7998 
47.7998 201.003 214.704 222.504 230.505 237.605 271.207 289.208 402.515 432.617 440.418 483.42 491.421 
47.7998 136.299 223.104 277.308 284.708 292.309 314.01 322.31 336.011 393.915 414.516 
47.7998 393.215 411.116 
47.7998 238.505 387.614 395.515 417.016 424.017 432.217 
47.7998 
47.7998 323.511 331.111 338.911 347.712 359.913 377.814 
47.7998 228.805 
47.7998 136.899 
47.7998 182.502 199.003 
47.7998 183.202 191.102 222.004 281.508 288.808 296.309 304.009 314.31 417.316 424.617 431.417 438.518 446.018 454.219 461.519 469.219 476.32 483.42 490.621 
47.7998 
47.7998 135.799 
47.7998 
47.7998 
47.7998 451.218 
47.7998 404.615 417.716 
47.7998 136.299 448.018 454.819 
47.7998 181.902 312.71 328.211 334.811 342.112 352.412 360.213 373.814 484.22 493.621 
47.7998 
47.7998 
47.7998 
47.7998 322.31 362.613 
47.7998 291.309 302.909 320.81 481.62 
47.7998 181.102 416.016 423.617 
47.7998 181.502 
47.7998 
47.7998 
47.7998 
